368
4766
3986
2762
3640
4655
4134
510
1112
4600
3125
4019
16
1351
460
928
4405
1378
1227
3748
4737
4653
2718
3014
3544
4635
573
159
3931
1607
1950
4387
3652
2038
186
3872
279
3601
1797
1948
280
2621
420
2839
2084
2413
1582
2473
2430
1155
909
3111
2596
1242
485
2151
2111
4736
2158
4060
2494
4406
3266
2276
3699
4238
3496
1285
2935
9
575
2335
1812
1369
1037
1974
3401
3031
4845
1645
4510
3212
2670
870
235
3271
918
3225
2161
2138
1593
594
4852
3534
414
4161
2643
648
2478
4305
2240
2378
1128
466
2141
3492
2132
3374
4924
4276
4818
3133
23
3716
3772
528
2300
623
612
1959
4148
4046
757
130
1655
3282
1745
4622
1408
161
3456
2405
178
4033
1143
2476
3845
1877
309
4696
2019
3829
3577
4618
1706
4343
638
3448
4619
2046
128
3088
3128
3452
2647
4385
754
4446
2690
4605
3963
4018
1445
1269
3080
3942
3791
4886
1884
2099
2360
1390
2882
767
376
989
3161
1103
392
1372
1286
4071
3505
1688
3712
2461
4421
1570
2097
534
2149
3202
3832
925
4788
4647
4623
3975
1758
164
739
773
1084
1395
3988
3048
3442
2289
3801
258
175
3289
4950
55
2050
853
153
2913
3455
3157
1144
1565
187
3428
4848
4248
2243
2232
4468
3255
1953
1040
4139
2741
4218
4531
4782
4424
4291
1382
2675
1276
3902
206
212
518
2663
4144
4366
124
4063
118
3653
1029
969
3380
4488
1896
2562
1632
2349
591
3781
4650
2095
4979
855
479
2326
1581
3104
4422
2572
3926
4344
1608
4453
4000
674
1681
1270
3307
3519
56
2649
3285
3598
90
2664
2236
4575
3470
602
984
2464
92
3921
3818
2601
1044
473
4324
2433
3648
4517
4485
2363
338
3784
4350
3722
664
381
1895
3306
1491
4801
2550
1549
4616
4914
1290
640
3424
2010
1434
2813
3375
3083
1173
4050
2607
2821
4908
2513
3582
4913
2417
3482
4451
341
1847
1331
4054
4775
1389
2825
609
1239
1273
4859
4199
4800
1537
4853
4235
3998
283
923
4448
3604
4846
1554
396
147
1870
753
3608
4643
3075
4386
892
2329
4287
3930
1714
1127
1047
3912
1337
2539
3012
1022
1164
2656
3701
4320
4303
4034
4195
3994
4922
1652
1543
3322
2460
866
4920
3634
2845
4798
3925
3033
3715
1002
3508
4637
1443
2310
2105
2701
63
2492
3546
1485
2317
4971
4495
1449
4354
4934
4519
2818
932
2293
725
3839
336
271
4377
2251
1352
1448
847
2518
4458
3914
2379
1065
4882
1829
2668
2269
3633
652
3194
3089
1780
2204
1075
4369
1293
912
2455
1879
3208
4621
872
3263
3905
3556
2143
4548
2833
220
1898
4273
2671
1546
1088
606
2945
3376
2848
1777
2930
1696
3955
1172
2970
2220
3100
2719
4459
2234
2397
2129
4231
2063
625
4525
4915
4087
4250
750
3361
1540
2654
1488
4480
1343
4599
4429
814
504
3532
2101
3799
4613
2429
2574
1251
4118
1087
1213
926
4665
694
1307
2079
1574
3522
2650
1993
1988
1629
4658
2966
3587
1727
2828
156
4973
4868
4030
2933
1841
3709
1872
4949
599
888
1724
4772
3366
1509
1233
1368
2262
4513
75
2571
2500
1814
4430
69
2416
3777
1901
3242
1585
4008
3411
1834
803
1547
4326
675
1600
827
2560
4179
3478
2774
3798
1501
2027
811
4557
4395
3051
93
4281
98
4274
3384
523
678
1058
2337
4416
2591
2380
4831
342
1193
3461
1496
1500
444
295
2440
3381
4400
2997
1310
2975
4796
1846
2254
2024
4391
3566
289
4449
1096
3253
2015
1775
4314
3221
1289
1611
1169
4394
140
3887
3344
70
3330
1937
3627
1792
3654
2861
719
1527
1220
2463
399
2832
240
1754
2777
3838
4609
1167
3117
1743
296
1392
1822
2877
3256
2606
3135
1599
415
1657
1701
949
4122
4007
1894
3774
24
998
3617
3425
1131
1914
3190
1843
3006
4233
1387
3783
2903
522
1024
1737
1274
4602
1149
840
3175
157
2076
3537
4554
344
3199
4198
544
1027
3739
4493
4260
1350
3663
1400
4732
3981
331
3641
3852
2982
1589
2538
2246
1428
291
4126
1253
4783
1196
1992
1349
2189
3441
1676
617
1194
4101
3070
246
3789
4409
1043
3264
3165
238
3495
110
2210
4595
1482
1260
3268
146
1375
4592
1219
260
3244
4856
2444
4697
2481
552
886
736
2879
3046
3728
4757
3060
2753
4911
2221
3218
1662
3118
3743
1906
1718
2826
2488
1039
4072
3899
3913
2553
1407
4348
3539
2235
2345
4330
4584
4205
3305
4899
3542
1229
1586
2218
2065
2862
1298
345
2959
3465
3816
3141
1099
4257
3524
2383
3436
2296
1649
1578
1409
1981
962
698
1939
3446
1226
4431
2431
566
1413
3415
1571
3584
163
4362
1551
3853
1864
4013
1697
3076
3287
232
3959
1216
1979
3864
3257
4776
3880
3005
3404
2307
253
2906
1773
1670
2408
3507
2059
2890
2321
3386
1232
3597
469
2940
838
2432
4075
785
2588
4450
1996
1358
641
2305
2154
2034
4048
2012
604
1499
2946
4456
898
4881
2148
2474
3684
4020
1842
512
1832
2330
3413
2336
2750
1989
3077
1078
374
4704
1147
546
3146
3105
227
4532
4895
1740
3993
3787
535
1422
907
572
1790
2442
771
250
1651
117
2712
2118
4398
464
4484
352
4780
108
800
1178
787
3443
4692
1478
3025
810
3696
4202
2498
322
4844
839
1708
1038
3004
4889
2342
2897
3085
3866
2742
789
4744
4163
4642
3714
2098
897
2623
3844
61
2646
3210
1789
979
286
4558
629
871
2521
1819
4855
491
747
4634
3267
4997
1604
1384
2859
2524
7
3760
320
4022
210
4035
4630
1891
3406
2567
2295
2219
1126
4214
4265
74
2594
4165
4741
267
2764
2007
1083
2778
4074
1275
2569
1433
2669
77
4560
480
3147
2374
3379
4403
3680
600
4244
3793
2501
4626
3023
2950
4077
1328
1764
4699
166
4768
3303
403
3130
3304
4989
3388
4663
2803
4992
3970
1086
3806
3673
4452
1454
1123
3559
4140
3074
4023
3607
1694
884
3061
1911
4145
2064
2425
2114
4103
3357
860
3731
2563
306
4903
4157
1807
3096
1703
2731
2353
2371
673
1595
4290
3262
1827
4748
4926
3131
393
2770
1825
2746
1091
1576
3565
3843
441
2044
960
1456
4150
744
121
3637
502
3800
1177
4566
2005
2339
3420
2755
4382
3234
4838
1795
4210
337
3290
2120
3078
1344
4670
1963
4778
375
3150
2726
614
4243
3172
4898
1730
2974
2611
3982
4261
4809
721
4191
2595
1295
911
4162
1218
1552
1663
4933
2614
86
1170
3123
956
2568
449
2545
2011
3291
2899
1633
4633
2575
135
2205
1048
653
1569
4589
669
597
3183
4679
709
3525
416
2073
3876
2869
2714
2006
2427
1964
1442
2155
1302
4016
735
2685
4444
1784
3512
1609
636
4521
4990
3108
2941
483
2406
2108
745
4106
1254
2037
1750
4771
934
1171
1932
588
3629
3460
4371
2365
2445
2603
1975
3740
4336
4143
2866
3469
1168
2426
951
2624
505
3315
3028
1786
4745
1008
2728
363
3265
3775
3595
2713
3368
1845
4187
3735
3563
3911
4370
2936
1933
4204
3124
4306
1882
2634
2817
101
2275
1638
1660
244
32
3007
4153
1912
1893
4955
3940
1183
3831
2196
1919
3008
2286
2439
1333
293
4906
1476
4147
3296
3971
185
1802
3010
4601
4905
38
2681
214
681
2436
4031
4039
4720
619
2792
4579
2023
4267
103
2667
4700
4460
450
2615
1050
1805
3558
530
1752
1100
2785
4709
509
3995
3547
710
1518
4501
537
2051
2721
2091
2260
2747
3535
3316
1092
28
1673
3679
959
3355
4962
3295
3664
795
4340
4259
263
3650
1983
2851
901
4284
1917
409
1572
294
3504
4470
2147
644
631
3571
4536
330
4294
104
3651
2443
4562
3605
1291
3054
2964
3227
1063
2451
2324
4364
3029
4009
2737
79
2361
2749
4317
3958
448
3593
3278
2811
1316
2534
622
2517
3483
170
3261
3416
4978
1838
4052
1340
3369
4419
1203
2619
2163
3649
1951
574
3523
177
1210
3020
1625
1851
1653
2292
1770
4585
2003
3308
2552
269
4477
231
1892
496
3044
3751
1598
4331
4392
2527
723
1030
2502
3517
1961
3907
4341
4098
2780
4125
961
29
4061
3136
1508
4269
4234
2578
700
3325
2238
1327
4593
4289
3498
3430
1548
129
4270
936
4473
4687
4897
3857
125
862
2074
4964
4123
4912
3615
663
402
3741
4120
1871
2086
4814
4947
2847
2922
388
1850
4674
1610
1839
4070
702
2929
3346
3769
1528
3745
4412
3112
1317
3757
4222
1811
196
3727
411
2815
679
2159
556
65
4203
3017
1765
3908
2799
4553
4614
2156
2810
2740
1296
953
383
4374
349
4334
3575
4266
4172
704
204
4097
2364
3737
4958
3549
3309
3967
3758
2951
3385
4572
1182
2172
1952
195
144
3919
2278
1397
627
3486
982
2757
568
1881
1738
3655
4701
433
3707
169
3626
438
2001
3341
1014
2585
4561
2724
1776
3189
3702
4588
2599
380
2520
869
1028
1579
142
1886
4976
4062
3479
1388
4043
1420
3144
819
1514
802
4502
3989
3859
2167
4401
2225
4327
3122
2323
2356
2900
858
1365
1902
3239
2872
2561
601
3259
589
2495
3624
4335
3636
1259
4538
2134
1256
1523
947
4247
1138
683
635
950
3619
2971
4834
4773
2347
2453
4357
3292
3279
3944
4028
84
2124
3820
1759
4091
2403
4984
4982
4860
4604
3041
3788
3409
223
4533
1987
2194
3527
203
2655
4151
1666
3644
4474
3794
608
2710
3238
4457
4961
551
1779
4832
1897
830
4417
1973
4638
1367
939
4504
249
933
846
3318
1918
2759
1106
4918
1757
3677
3513
2480
1793
3759
850
3132
880
1114
4180
4402
1073
1288
2103
2090
477
2393
1468
4702
2399
54
3765
532
4133
3115
1763
729
2531
4045
1648
972
3893
3795
2533
4880
205
1211
4993
2182
593
1640
2352
3529
976
2835
2164
2773
1704
1129
3753
836
3171
906
3531
1855
1532
40
1667
3473
2921
3638
2546
2878
2659
4756
2928
1004
4141
3813
1097
1324
1208
226
58
3824
993
996
3351
3356
559
1156
3254
4811
4891
3804
127
1524
3827
211
348
3904
2636
3320
3754
2503
991
300
4546
1707
3106
1878
2202
3032
689
3372
4764
1418
1444
2908
651
113
4010
2287
1890
2881
3540
4253
931
2422
4639
3704
2791
2354
2259
576
4129
2407
2769
1873
3283
1457
1198
4921
2309
890
2992
1119
3883
586
1887
4597
885
3734
845
2744
927
3948
2883
1520
3323
2102
4410
2055
2867
1534
3713
424
371
2887
3729
148
2184
792
1916
4059
4137
1833
4463
4694
929
1308
4300
2910
3646
2411
2598
237
763
2456
2919
1577
2401
484
1017
2093
2705
51
2998
3015
1823
111
1345
2687
4036
3490
4648
4418
2593
2846
3579
4115
3548
3976
3403
459
2306
2346
1469
3241
1650
4090
915
2092
724
4746
2241
3472
4110
2559
2519
515
1820
3835
2849
3387
4478
3069
492
4189
2787
2299
3300
4954
3037
1715
1924
4105
4083
1999
3536
136
313
3837
1614
4255
1559
779
3922
1446
2706
2047
727
360
1021
2814
1089
2312
2288
94
4675
323
4939
1982
2471
2253
3154
4567
4190
2841
3394
2754
2587
1995
3771
1466
3228
3631
3969
3129
2013
1515
458
3294
4438
2270
3766
4245
4494
2320
2768
68
4081
4114
4892
4318
3167
1628
4735
1619
531
3694
3067
3018
52
2045
2187
1940
3891
4684
216
305
1416
1800
706
4415
1798
2723
1536
2682
4896
4136
3184
3894
4682
2788
1702
1341
1646
1098
1539
1661
1711
4347
1320
328
3173
3410
4001
3924
2022
4689
3990
4738
665
4186
2819
579
666
942
3622
3082
514
4069
824
1766
49
4427
3422
290
3996
4428
569
2048
4307
4925
2694
3002
1191
1908
4051
4313
4503
4840
1739
2404
3149
2298
581
3697
3176
4487
2579
1102
686
2096
2660
3302
1385
1031
2994
4559
209
350
1438
2830
50
889
2590
4246
4
4445
1401
3164
2177
1246
2743
2581
1206
3691
1314
2931
734
2548
1525
1835
1335
4580
4543
389
3711
377
1475
4573
542
2511
4792
1426
1568
3339
2470
4146
2025
3723
2224
3562
107
797
4301
308
1025
1671
2106
4970
4555
1597
4540
3767
2030
1556
3812
4078
1249
3642
1923
2984
1410
3929
2183
1915
4014
2902
2040
4220
5
813
445
3360
688
173
1079
1489
4524
1145
4169
3207
2357
3964
611
4131
1563
4526
914
1261
1955
4793
2515
3065
4784
1435
318
1794
1209
562
1947
2551
4411
1471
476
3093
1005
2863
4833
997
671
4676
2058
3489
3756
4816
2580
2031
680
1205
4166
3462
3614
4481
2214
2068
478
4312
2953
4730
2441
3215
310
2447
432
521
1925
2820
3674
526
628
3313
2868
3661
4388
2191
975
2271
1362
1538
4520
3365
1594
4185
1299
2576
3873
1682
3312
4469
639
3953
2853
182
2327
1411
1769
2732
33
3142
2209
1304
316
225
4977
3432
3770
2359
4945
1813
1108
1189
3003
2454
1243
2734
607
2367
4628
467
2766
4718
2697
311
4325
1472
4612
791
1181
3570
732
1583
980
4836
3764
4211
4910
37
3091
2871
4909
2677
1533
3059
1862
3056
4893
3511
2797
4117
4890
2875
2409
99
2000
823
3889
497
3109
3846
1516
1505
1742
2662
2967
1580
4763
861
1929
2604
2316
2398
910
3662
4322
3935
2972
1398
1544
4847
2201
3552
34
4627
1687
4781
4256
661
921
829
1054
3286
4712
4482
4423
3288
1204
3277
2168
4333
2247
2898
4667
3052
3538
2918
59
4302
3656
613
2506
1945
1506
4420
2760
3797
2381
1342
2195
4761
4754
4376
405
12
4774
2186
1212
708
3848
2188
3327
3692
547
1913
2088
4917
4611
13
91
4437
3159
3187
1217
1059
3196
45
3345
2372
2328
825
1712
4321
2795
1782
2223
1010
3936
4659
4624
645
1634
1000
3370
4681
1654
3515
3672
4329
3567
1693
372
697
378
832
1675
1061
1115
4693
4472
3841
3992
2645
2395
3145
3450
590
2554
985
2165
3855
20
4649
3871
1463
711
229
1778
4965
3991
2016
577
867
4539
630
4040
4998
4296
1566
3678
3245
3862
4671
2136
73
1876
2892
1889
4827
4742
4491
2609
1866
1985
2969
1492
4819
3822
1753
18
102
183
1325
2781
4132
1562
4041
1174
457
3817
2512
2485
4887
4511
3427
2146
2067
243
752
4434
2990
916
494
2986
4408
1188
2979
4931
1511
1151
2060
4527
687
2144
2937
3724
3121
1483
3973
2081
3667
887
115
1105
1751
4088
2264
1725
995
3396
3367
326
2119
2909
2528
3932
3682
4870
3856
2558
3957
1691
4239
3768
3445
2642
4104
1330
2934
2198
3027
944
3119
2565
2130
1150
856
2032
3390
434
4079
2233
3016
592
4666
4797
1135
3557
3359
454
1799
3297
1728
4641
517
2174
3896
3408
4464
3319
1060
1240
4159
4981
1473
983
2133
2782
3024
1909
4086
3920
2993
3140
3685
691
489
4492
3941
3348
2018
1685
1507
4027
1402
4807
2245
2303
676
1230
4874
2648
4777
1432
3687
1339
143
955
1899
2127
1467
1146
970
2362
236
1592
3222
463
3543
2616
4916
974
3034
4142
615
685
1618
4498
1907
1921
2338
3095
1248
580
1541
999
3927
1587
4308
1606
3805
401
2692
804
1278
2956
558
3098
986
873
1152
3398
346
1836
2965
1158
529
387
971
3494
1956
26
3900
4646
4725
4353
777
1451
4864
701
4615
1236
1329
1379
1761
2334
181
82
2566
3796
4828
2053
3901
2373
2610
359
1121
2418
4378
4966
553
3997
1680
139
3814
2658
3763
2628
2772
3298
506
3474
2043
3585
397
952
3421
2467
301
4373
3669
3193
3985
1064
3337
1804
821
1006
3521
4489
634
3635
2428
3968
2789
937
3231
3719
3434
3933
3009
2449
2837
1904
4849
462
4476
2077
4174
595
3528
2351
472
746
722
48
3681
2888
3453
946
548
863
3762
788
816
1348
1107
1160
2831
1141
1806
967
3897
1875
1080
4767
1998
2947
790
3606
2100
3178
1601
1007
419
452
4003
4941
44
1361
3301
2152
2850
1247
3854
3045
1076
1869
3026
1943
71
4541
893
2071
684
4053
2208
133
3224
2680
3229
2487
4440
1621
222
1699
854
2396
4516
2855
134
3972
2880
3454
765
1447
3850
1453
2145
2302
3946
1455
1101
0
4751
4505
4465
2021
647
1404
4483
899
3035
2244
2358
1755
4399
4821
272
3333
4938
4714
4986
1439
891
3545
4119
2679
2229
4994
4901
841
4138
818
3162
1591
1498
2860
1134
4586
4102
3000
2036
1136
751
1684
2465
373
1354
958
716
4724
3736
364
3134
4351
1085
4271
3332
3954
2508
2318
1450
4727
1922
1185
2870
3842
4221
171
2386
198
4011
4107
565
2483
2458
4441
4380
4820
3449
508
658
4152
2410
1041
21
2207
540
4686
4959
4522
1437
1406
1767
2126
1019
4263
1176
3192
740
4282
261
4620
2536
3518
1412
1323
268
194
2279
4184
4683
4356
3467
2942
538
4590
3621
1928
717
2735
2715
3885
3882
2827
935
1280
1817
3090
4715
2437
4631
3916
3725
616
3488
1380
1477
778
2884
4823
3657
2115
4466
1679
3392
189
2486
165
307
4116
1624
4729
1405
1517
1161
3785
786
2948
733
3481
4668
713
2248
2717
1935
2057
3618
4015
4789
1238
332
234
2980
728
4617
1399
1519
4652
4716
749
498
379
1035
656
2915
988
1015
1749
217
4802
3240
3358
456
3867
570
4691
2075
646
3036
584
2691
1224
2389
2626
436
2026
3274
4866
1117
3717
2771
4564
3047
852
3451
3726
488
1403
4549
2237
247
4055
1122
1958
4228
2763
4594
1460
3156
756
386
3343
2549
4332
2153
1179
2525
3362
3898
2008
964
3281
3073
2776
3923
1252
4227
4951
3720
3116
2179
835
451
2923
4232
4996
3086
3554
4726
1051
4215
603
3962
66
1994
536
4935
3273
3861
2700
1033
1192
2128
3860
849
4577
6
197
257
1526
2698
2977
3851
500
1716
126
81
4871
1934
1736
2526
1603
2020
1180
3378
3676
3043
1635
1644
2584
3863
1074
3395
276
3219
4799
4085
554
3698
2340
2466
22
4759
2497
1452
4673
1306
1305
2341
1001
3099
4002
1202
3151
3502
366
2049
2842
682
2424
1461
4857
3001
4717
3414
357
2790
1821
442
3792
201
1808
1130
3874
4124
4194
3213
4810
4012
1332
2203
4223
938
2629
1120
3564
1677
4930
731
4858
4983
4571
2651
560
83
1223
465
4753
2968
794
541
4512
266
3574
768
1055
188
4975
1803
4721
1809
1522
493
2419
468
4854
1265
413
167
4099
978
365
281
174
3211
1774
2368
4656
4065
4206
1796
27
4900
2798
2779
2876
3966
1840
857
1930
977
1760
1513
4407
1430
3097
1071
1415
325
1858
2885
3569
3412
4640
1962
1474
4076
1018
329
4542
242
1900
4293
3808
2707
2716
1713
150
3030
1535
3591
3062
1132
2062
1636
1013
1396
340
1986
470
2308
418
1424
3807
4923
1347
3879
292
3188
1225
2954
1069
3471
4606
1371
97
2029
2423
2402
519
2228
4518
3779
3352
1394
859
2978
4025
3464
4722
549
4875
660
88
4414
1245
4309
3364
808
3500
1630
4432
930
1965
3732
3881
3417
922
769
1034
1588
1854
224
4337
4339
2462
2962
4629
3773
2983
2282
3821
834
2926
3836
1627
1957
3230
4372
106
2080
2854
2239
3555
571
4168
3983
4379
1319
4319
1971
3596
3834
2857
696
4734
1787
812
4177
1470
3915
2673
2112
1719
3321
1311
2033
3623
2290
3180
668
2261
30
168
1641
1414
843
3389
598
3928
4948
3628
4207
2255
4825
1856
3217
4960
3252
2125
4769
3280
578
3200
1133
215
4383
2157
1137
3499
1868
3353
354
2122
4547
4275
1690
3476
2901
1824
4862
4304
3373
4884
3610
1861
3152
361
2509
4242
2873
4467
3917
2173
239
4928
2170
4803
783
3433
14
3209
4280
2042
3583
116
965
919
277
563
3391
4747
228
4183
3886
3198
564
2895
3620
2939
3223
1944
2907
1705
1997
3182
4500
4197
2190
4591
1837
3447
2222
1860
2257
1510
4985
1359
2938
3397
3730
1360
4049
1768
1747
3949
2041
151
1104
2169
2678
3643
78
2635
610
317
4877
501
2699
4292
1620
2955
4068
4156
2674
3354
482
2991
145
4750
1427
2272
218
475
4226
4942
4587
1560
3708
764
3203
2535
2756
4707
741
1421
2070
3040
3560
160
2865
692
4508
3666
705
2864
2800
1849
2944
4200
11
2281
4108
3148
334
4872
4731
2858
2684
4251
4089
805
3243
2745
3382
321
822
2808
176
1853
1605
3868
3
3342
1863
4342
4056
1338
2490
324
3399
3418
4883
3875
1139
3371
3458
605
3153
621
1235
4902
447
192
2620
3491
4711
4551
4355
455
4719
4829
3803
3429
461
4927
2215
4752
1698
3107
516
4229
1377
2434
4535
4490
3550
1683
2786
1214
4390
4496
828
4173
2904
1910
158
4808
2932
896
4064
2056
1931
2894
1504
3576
3578
4904
1788
3999
3276
1068
2211
1281
2683
4762
4946
1729
2784
3589
1542
3892
2751
4201
3551
3363
2696
2304
4262
2315
155
1791
3049
4217
1783
2392
820
2069
1710
2072
1616
3094
2382
1082
248
1009
4175
1658
2311
3509
4254
874
2625
712
3336
2116
1417
730
1830
796
3611
1867
2914
274
421
2963
2376
1521
940
543
138
3847
57
3688
876
1244
2252
2479
3235
1057
1175
4032
1880
1584
4067
3658
4413
3407
3258
902
762
4447
2631
776
4196
1016
2009
4786
2812
180
2652
4972
2672
259
2916
2639
4216
87
4111
882
4943
4375
1165
4582
96
2725
3660
1279
3022
703
3493
4121
2510
3503
4299
4462
100
1272
2087
917
1386
131
132
17
1187
2856
2200
4209
1391
3943
191
1148
1207
2617
3811
245
4708
3749
4454
2627
2711
4367
2388
2557
3810
3064
2180
1142
4574
2995
720
1590
587
550
2925
4393
1781
4817
3700
524
4596
299
2131
3780
742
2564
4644
4728
4937
367
2226
333
3612
3746
2793
4389
1109
875
2840
4338
47
1665
3205
1531
3057
3581
1726
3139
1479
4181
1336
2496
903
3693
2638
2796
2600
2274
4328
948
1459
179
3103
1874
4208
4212
1976
3270
2273
3603
3903
4128
1744
4509
1785
4038
4021
1530
3038
3487
2709
3269
4092
4953
3249
1241
302
2377
1423
4698
913
4710
3613
3419
695
1441
1596
3530
3945
2695
2960
4268
4657
1668
1733
1462
4550
2612
1502
327
207
3909
3630
908
3906
1376
1032
1228
1425
1195
1717
3671
1848
1631
511
1
3782
4073
879
4672
2973
3561
1062
3665
297
1642
1622
3195
954
3802
3314
1503
3870
2924
4850
1383
1111
4795
2816
2366
3160
3825
2905
3594
4384
2592
2532
2556
287
4109
4610
427
3058
2522
428
2375
3689
1977
3113
987
1309
3475
1166
1184
1762
4787
356
42
881
715
1234
3338
3072
1003
2420
1818
3463
3185
3675
637
1575
4082
4225
1573
1199
4678
4100
1734
4940
3710
868
1257
137
1859
273
1124
2783
3350
2733
19
3214
3246
1984
2852
2082
1905
1282
255
2185
2477
4252
471
1678
3317
743
1741
1231
1545
2384
2313
429
2242
4514
1720
3977
1070
3706
3609
1321
312
4037
4461
3541
2137
1669
4346
2171
772
4791
404
1153
2314
410
2505
3340
172
864
112
4219
2197
2216
905
2206
3079
31
3284
1364
4703
1262
904
2529
1154
1294
3602
446
2917
775
3021
2291
4636
4345
4967
782
642
2266
1370
4603
1464
2014
406
2693
4576
3840
347
4651
555
4471
319
2722
25
2822
474
3776
41
1494
2582
1772
2256
2666
2544
3329
1941
4029
2516
370
213
3956
4869
1049
3833
2135
620
1613
4288
64
826
2981
2912
2123
1190
4894
2277
298
3668
4112
4230
1374
561
3670
2150
1066
1020
957
643
3568
780
1011
3170
4005
650
2727
4158
851
2804
585
1480
2484
2094
3250
3815
282
4360
2952
1828
3220
1222
3823
4608
2577
3101
2355
1557
2834
190
430
2448
4080
1215
3501
707
1266
3102
1970
4155
4160
1659
4806
3143
2736
358
2390
3695
2547
2089
3155
4135
4285
4842
3331
221
2482
2294
2838
525
490
1486
1674
439
4171
4607
2622
2142
2703
2891
2999
4192
2385
4113
2540
2472
3439
3068
1419
1303
2765
3423
3951
667
801
718
3251
3039
4154
2801
335
4632
3939
1815
339
2344
2504
4578
4968
2109
1267
1672
1529
2435
1357
3468
2104
2653
2802
4969
3181
2996
262
3050
3761
4359
1077
2039
3071
2192
2162
122
4598
3888
2370
10
1334
3084
527
4568
343
1277
4057
2212
4907
3514
4188
1431
4311
670
1053
3127
3158
1637
2265
4824
2573
4363
3042
353
437
1883
4349
1564
2829
2343
4258
4733
2387
4929
2507
4130
4528
1936
4826
4283
2258
3174
3721
3260
2806
539
3703
2988
2066
1626
8
4295
659
2249
1322
2028
1355
4861
1373
1980
3272
407
4529
817
2175
4530
781
3063
2263
1356
141
2475
766
2415
4988
2199
994
2230
4182
4758
1297
3516
2004
3744
4974
4436
2739
4213
1200
3055
3328
4443
793
618
1315
60
4563
3497
4583
3950
304
423
2301
3858
4026
2665
1942
3168
2889
3236
499
1927
4310
495
1490
4058
4690
3938
3459
288
3510
39
1615
4523
1484
3755
1465
149
1686
920
3600
384
3349
1497
1255
1162
4455
761
632
1844
3639
945
2805
4822
3645
1052
1512
649
4740
4096
4739
4865
1118
4237
2035
2400
4991
1735
4006
4837
2213
1723
4084
2618
1721
3647
391
2493
2267
2920
2896
1042
4743
109
1326
1831
4272
2807
4995
3616
2331
4425
3485
4556
4433
726
270
3910
3506
3533
693
2117
385
3087
4963
4662
3377
3440
2489
1656
208
2459
833
1300
4396
1094
4987
486
714
815
2139
1756
2227
3237
865
3690
1292
3216
3747
1318
941
3947
3166
557
4749
2605
3437
1732
2989
520
2
2176
2976
2686
4812
1852
3592
2824
4713
1946
80
3520
2414
3978
2957
35
3247
4885
3573
3918
426
3960
2613
3138
1201
152
4957
4475
2319
3937
4241
4569
4867
503
3248
4843
4680
4815
4264
3553
4790
4654
3878
3987
1313
4873
677
1567
2589
4042
992
4249
4404
2823
303
1440
1056
4835
2943
2285
699
1978
1612
4507
199
264
3586
672
2720
123
4863
2985
3683
2121
2836
265
4236
4368
278
3206
2708
2284
1495
435
4352
4830
2738
3778
2541
4066
254
390
4570
4094
4365
1689
4888
43
76
2809
2630
883
1436
67
2280
394
583
774
900
4645
2633
513
1920
1967
3110
1903
1113
3526
758
2297
1366
624
4004
3961
4047
395
1664
193
1023
3405
4127
284
314
1558
4879
362
784
4316
3869
4240
4760
966
422
2438
2421
62
3019
654
4706
85
798
2446
1826
1926
3324
1722
963
2874
4813
2767
4024
1163
3819
968
4705
1801
4426
4755
2113
3191
981
1036
3580
2961
233
4286
3830
738
1487
2283
1561
1748
4397
2083
894
1731
1090
285
3438
4167
3480
53
1237
3053
4323
105
3705
3393
2450
807
4581
2543
4661
443
626
3952
4688
1116
1186
759
4497
2469
2231
4839
355
4660
1602
2491
1046
95
2452
3204
275
202
4277
2893
2322
848
4919
1271
3742
1221
3347
4980
1381
398
1284
4435
46
3849
1159
2537
2325
2608
2457
3177
120
1954
417
4669
4677
831
990
1857
2657
2640
2752
1700
2602
1287
2730
2911
2061
748
1346
4170
3980
1695
4381
4537
4093
2704
1429
2350
3179
89
1810
230
4315
154
1966
2637
3197
2758
1081
2085
3877
1093
162
4486
2761
3786
2958
4685
2160
1301
1067
3790
3311
2583
1363
2468
1045
662
3444
690
3426
3588
657
4193
2332
2178
3326
1258
1481
4794
2949
3984
2193
4095
4515
3431
4664
2688
2002
4479
1140
4956
4499
3092
3402
4932
2369
408
4565
582
1990
1746
251
2054
3590
1125
2412
878
3965
1617
2794
1709
119
3752
3120
3310
755
4506
842
425
4878
1458
1283
4695
400
3126
4044
3435
2052
3335
1268
1353
2530
1312
760
2661
315
1991
806
200
440
4298
3013
252
3979
2107
1643
1639
4017
1969
431
1157
4439
3477
36
2523
3884
4534
3169
3738
1816
3934
2542
3974
2555
4279
3865
3457
1095
4851
4278
2181
2217
4358
943
809
3232
1949
3293
3809
1550
3484
3066
4544
219
4164
2250
4361
4149
2702
3226
4552
3011
1072
1264
1885
4297
4176
545
1555
1263
3334
3826
487
2499
4944
4804
2987
4999
737
3659
3400
4770
2333
4442
2748
1692
1012
2641
3733
3572
2597
2110
4723
533
241
2632
4178
4841
1938
3163
2644
351
844
1968
3750
3599
382
4936
3625
2166
1553
15
567
481
2394
877
2391
3383
3275
2017
4876
2514
3233
2843
2927
3686
1960
3299
837
1771
3201
4625
4765
2689
4785
3081
770
3466
72
412
2586
2348
2570
1972
453
1493
1647
1393
3718
1865
973
1623
2886
507
2775
4545
3114
3137
3895
2140
3186
655
1250
114
4779
184
2078
1110
1026
4805
633
1197
3828
2268
799
2729
256
1888
4224
2844
895
4952
3890
2676
369
3632
924
596
