1066
1279
629
425
159
309
965
34
2485
273
2093
1
393
41
966
587
932
1465
1381
509
1358
262
2151
594
1726
1417
1772
1090
473
162
323
14
95
1858
131
1723
1427
347
2414
1433
635
63
282
1839
1759
878
206
2376
1213
1215
1971
1397
895
2219
2294
154
1163
164
1786
1761
742
586
1959
1186
260
500
340
1012
1244
1734
1662
2049
2135
721
1454
988
2131
1299
1179
1952
1467
2442
1951
2307
2052
591
1153
1745
1447
1717
462
768
539
961
2000
2069
1508
1930
166
1869
2254
129
1246
1110
453
1149
1298
247
189
2364
579
869
2417
148
405
1226
42
2405
979
597
2296
710
2301
674
2332
2138
1382
1996
1345
897
1091
2326
1053
23
937
1385
615
1612
179
1243
52
552
1867
1152
663
360
1245
950
378
923
1785
447
1021
477
544
2475
1698
830
1104
1181
2455
1306
2214
834
1652
122
2310
2107
1907
1038
1604
2223
1744
2287
666
1916
2230
1446
175
1460
1316
2267
1463
2371
1885
1256
109
940
759
1420
13
1769
2233
1137
1490
2001
640
2422
2424
491
2375
2047
2482
1258
618
1724
1055
146
953
2343
137
2402
1086
929
2429
662
1354
1568
185
2309
641
423
2032
10
1674
1166
1918
652
1520
2271
1881
1844
876
2345
1725
180
1539
1434
952
1257
2410
147
901
593
2054
1196
361
269
296
186
2242
1548
605
1700
537
893
1718
135
2276
144
815
1985
53
345
1325
304
1288
888
645
1218
315
534
1823
2004
2248
668
989
2148
1642
2055
1112
230
157
1697
1975
2042
77
776
2303
108
1732
1767
1273
2154
1622
1129
1411
150
2180
1618
1047
2322
1919
2499
165
2377
1706
2184
1232
2021
2445
392
848
1171
85
2133
566
559
401
205
1477
1866
136
2496
1994
924
163
1210
2275
570
96
51
424
1911
2352
407
905
2336
1814
991
59
1097
330
2066
1474
404
998
475
1470
346
297
1254
1182
1809
481
221
1931
1583
1682
2446
1242
1361
2483
1155
40
1239
1798
1792
572
1815
2279
1995
689
32
244
283
2084
681
1947
956
1757
375
2435
192
1067
2029
24
1342
772
1906
1545
114
745
2239
2245
2357
2139
2067
268
656
0
2498
657
2420
336
2017
1575
2312
1057
2382
105
49
1453
725
894
1439
2157
1671
907
914
1908
686
503
1699
132
1350
422
887
2177
1831
181
110
1199
765
609
1464
1194
2165
81
182
1617
756
1236
694
958
284
2161
976
1736
275
1330
1157
215
1192
1650
2462
2386
728
1938
1201
665
1324
1913
2473
898
495
2427
1532
1339
1313
861
2048
1364
2043
1813
1579
2088
1048
1501
995
1791
357
1648
1653
2024
1383
606
2037
1787
1587
1204
2264
1438
1993
903
434
1854
1924
2087
2256
1673
1197
1322
1063
2466
1751
600
1396
1052
1841
1498
935
1435
1200
1859
1125
1392
1266
659
133
1655
124
386
718
2297
1597
1078
440
1341
822
1492
1304
2095
1083
538
977
708
2027
2318
680
1151
540
1500
400
1965
945
488
1320
2109
661
1610
2349
214
704
1040
541
569
1008
1167
1958
1070
1366
1237
56
2362
2099
2474
564
1343
1096
1461
1978
580
1824
1722
551
2077
1865
1877
2374
1128
576
823
1248
2209
464
582
864
1566
2342
1076
1326
1581
2426
846
1857
1003
1595
853
119
938
408
1497
1450
1302
884
585
1898
2413
2302
1964
198
1692
382
602
625
2193
1109
1408
128
762
2044
2206
2428
194
1630
2431
1737
1147
800
2106
2128
737
2454
634
2313
1069
84
459
1825
1755
432
1505
851
1820
1624
761
1601
1410
329
443
543
2070
1713
248
1024
2175
2238
778
1133
2050
1180
3
1984
632
1711
118
1005
2338
1974
2295
1449
1240
86
1703
295
5
1516
1690
1977
193
626
2461
1124
573
997
1499
1710
2060
468
738
850
1675
1451
701
813
1331
451
695
1357
1968
1523
2187
44
37
1412
1457
779
1296
140
399
828
1384
858
1927
604
201
280
416
294
1957
1793
222
508
1440
92
658
2244
978
211
116
359
1406
1103
722
1631
1370
2425
1702
339
922
120
2164
485
1380
2025
2458
930
798
2293
1771
2487
1720
1580
512
811
74
733
1426
1211
1800
195
2215
1892
2200
583
1896
1265
2258
787
916
824
548
1177
1203
982
149
682
908
1293
441
2247
1586
331
1982
1346
1783
2480
2273
1122
1546
1645
2259
1884
2457
303
2266
250
736
763
2014
1139
1448
786
2306
1986
355
1855
1098
1992
1719
27
1989
12
1615
1834
735
1784
1388
964
1760
584
1512
1023
557
517
1963
1503
1991
111
2081
802
143
795
299
1603
1079
1851
2217
638
274
204
1099
191
2145
466
1374
2404
2173
461
1198
1217
419
1469
1948
1762
151
469
2488
2358
1773
235
1651
2117
1696
99
101
1756
514
1191
1377
1285
771
229
257
1336
2102
11
840
1525
2002
873
2366
83
1441
1764
480
2257
752
218
2053
1391
62
2006
726
1990
794
1510
555
486
2149
430
1270
1701
773
669
2299
1766
2250
1962
946
1928
896
1305
1536
912
2268
1425
522
2246
88
639
2090
675
1853
770
1585
2452
709
588
395
155
847
553
2199
1423
1049
1547
1481
172
984
1407
860
1664
87
310
1286
832
1276
1876
305
363
153
1087
476
764
291
1584
1602
2188
286
1560
2423
1728
490
496
1634
1848
1775
712
1552
2379
17
2437
366
1277
1528
176
1633
1456
1838
1404
412
801
1678
2391
489
2190
2479
1819
1228
1803
910
2439
1709
1558
2121
1390
1890
1281
263
918
470
1507
1462
992
372
64
1223
1335
1754
1740
513
2388
1677
1019
1444
630
436
2072
2172
1311
1352
1914
1039
2272
826
1059
2159
2059
999
2227
1920
1730
1227
1550
920
1013
842
2181
793
320
2323
6
838
1942
962
2143
1917
2285
70
972
243
1421
258
1614
622
883
1833
1206
1504
1493
487
2365
2020
1574
1902
1065
1629
197
706
1132
651
990
256
1113
981
619
877
1221
300
2308
2096
685
2038
521
693
1393
2091
1161
2468
1939
2103
2182
2058
699
411
2155
306
1519
2415
2068
231
1224
2141
388
660
506
1606
1905
2028
2220
2174
2470
1529
2079
740
2062
431
1895
607
456
1165
353
1220
2443
612
713
2116
621
1616
2497
2476
1150
1882
142
2222
2235
1747
1802
220
620
145
1647
1321
2191
57
1338
47
406
654
825
1781
1535
2291
2026
354
1922
1214
387
208
409
1621
1795
73
948
2260
1593
72
994
2009
1569
1233
2010
1119
524
2281
1695
1644
1025
1375
2481
2105
691
1309
1637
890
1659
252
171
2360
1263
1966
2269
1164
1333
1130
117
528
1889
158
442
2344
2204
1368
2459
942
784
1562
993
2370
1068
1172
1340
1863
863
1140
1805
1860
2031
1669
80
1134
161
1225
1750
1280
944
717
1026
1084
1969
2056
1044
904
1278
715
2283
421
1142
1910
577
1060
504
226
2178
734
2207
837
1475
1733
1874
199
1459
1570
2142
1491
1961
1511
769
1455
2495
2432
913
2134
2225
1138
1144
1588
2071
1428
571
1976
212
1883
1811
841
1146
1608
390
1929
1074
1387
1275
1437
808
2492
18
2120
1540
100
820
1684
775
227
178
240
246
223
21
1880
617
511
1935
1667
2085
219
934
926
1272
126
2078
614
1806
696
351
301
2280
1665
1006
9
558
561
2397
1030
1297
831
1656
1009
727
973
322
2075
1485
1082
519
1514
1592
758
50
1351
1875
1923
418
1458
1414
1870
2416
2132
655
1981
1094
1782
751
28
2380
2171
1742
1401
2478
2036
2127
743
1714
134
1912
1289
1980
505
1576
2328
1000
2046
241
533
2378
1445
358
1115
76
1282
266
963
2451
891
1926
874
2464
536
2494
2125
987
160
947
1832
1027
251
1424
1953
560
1033
1538
239
1983
2324
931
2160
1011
1365
1402
2170
1527
1252
1093
67
2176
1303
202
2463
664
427
463
732
1395
1676
679
1598
2226
1015
2179
1658
1553
636
556
2305
951
238
1950
642
2212
1777
1307
1419
810
649
1148
821
156
2330
1348
650
1691
38
2057
859
1267
152
314
1572
692
1269
1251
1571
2007
1768
1359
2262
2381
233
955
1018
377
1480
66
2041
1259
565
265
2409
272
1488
1141
688
1349
2333
65
22
1555
1559
1774
1899
474
324
2156
90
501
1807
2129
1537
986
1567
2419
1058
796
1933
1188
2
819
677
1195
2124
2354
2387
1842
484
1685
1607
2015
2122
123
554
1524
1081
127
1668
1174
2035
1623
1821
1596
138
985
1661
494
975
428
2018
1409
2407
515
2197
1530
1561
711
1337
2169
2097
446
2471
454
684
526
225
1949
1872
1921
2444
1143
672
1372
1704
2353
413
2019
467
1999
1283
2013
1264
78
1903
1050
1416
1229
2290
1073
892
2340
276
2249
1471
1600
457
1812
1202
1849
720
1208
1770
627
754
2390
2012
1160
628
719
1061
394
1363
1641
1107
2341
1847
333
1175
1636
228
1260
589
1758
1731
748
1308
1946
1799
2039
1095
1168
2359
1300
115
1670
2089
1543
1613
644
2115
1564
1649
2076
380
343
54
1521
1741
1897
478
1979
1663
2203
397
1748
69
287
836
1479
1222
29
1041
381
1554
678
835
2083
1216
1154
450
1826
716
2252
2270
379
2236
1808
1046
98
1878
2406
1590
974
292
2339
805
780
308
2490
302
91
1016
1136
1840
60
817
791
1328
1573
2137
1362
545
2167
1817
670
707
2465
1789
103
298
1405
2146
2369
2321
900
1371
2061
26
2082
1557
549
2162
452
2216
1102
2253
2412
957
723
676
816
242
2450
93
1779
89
373
2033
1850
601
2395
1002
1681
610
766
2034
1169
2104
983
1707
814
106
472
1334
1010
1007
1205
1114
1219
899
249
690
1235
2255
1287
2348
19
2163
854
2491
2140
107
567
1620
1253
1609
542
1158
2334
1145
2392
1487
2408
1998
2063
927
39
1739
277
334
502
1577
2363
2460
237
312
356
1376
1909
2016
449
2086
790
532
531
8
344
1062
207
1207
493
1173
325
1627
2263
1643
1185
68
321
173
1934
1413
2434
2484
731
562
2040
1429
1284
184
1312
234
311
849
2189
170
376
2311
1379
1797
1954
578
1972
809
1319
2045
1846
2243
741
270
2130
415
2403
598
1386
2221
1092
482
1482
2493
2383
902
1686
327
1373
1036
290
2195
1389
460
236
1271
1170
2300
1937
2477
1955
1108
886
2399
909
2186
2265
1367
2472
335
2441
1694
1640
1183
20
596
1544
1116
1801
1432
969
371
1765
75
2289
46
843
872
592
700
646
1956
1531
1551
1517
2111
338
933
1871
2400
631
2208
2314
667
1594
967
1466
2372
785
760
2185
2205
1578
188
1843
671
365
1638
7
2367
2030
911
753
2114
1315
1628
125
2329
2286
414
278
1035
1105
1176
2418
1029
264
444
1679
1045
1100
1468
527
349
1310
1394
2158
328
2100
1660
535
781
2396
1940
174
281
1056
319
2196
2126
1238
1347
350
2251
1705
1042
1619
730
2361
647
2355
4
799
1187
643
1241
714
1780
1034
97
915
1274
1945
747
1862
2051
368
2098
168
1513
928
426
739
783
1004
48
2467
1796
550
797
445
2394
882
1894
2282
1829
1680
499
279
844
777
448
1014
2011
435
2073
261
1987
611
862
1118
352
613
1727
1452
529
1356
1542
881
43
403
2237
497
1944
318
112
1887
1515
1518
245
1135
1657
2228
1126
1234
1635
1932
1752
1729
1509
1230
420
1738
2229
653
1071
1268
852
33
1901
25
925
2136
2356
1693
1484
102
370
341
429
2113
1605
31
2023
364
845
2003
417
1031
2385
2198
1625
2211
121
1255
1489
868
1472
1178
1822
1080
875
960
880
1318
2065
510
254
2347
954
530
1970
1526
1127
1743
2119
507
2393
1582
259
492
200
1654
2346
1522
1828
1837
2005
703
520
827
1708
673
792
267
61
1611
757
1422
216
289
943
1893
307
2278
563
1506
803
857
1189
2389
209
2373
1790
2284
2320
608
1478
1295
1533
2094
729
1123
683
2210
1051
724
1827
1159
374
82
455
996
1247
2201
744
465
568
921
1120
1378
391
1327
2092
458
1111
1418
498
1212
2469
2147
1037
1353
546
949
697
980
1483
1476
1836
1763
2144
1973
1442
1746
1689
2421
45
818
217
285
210
1868
58
2213
255
1632
856
2411
2436
1317
1888
1184
196
1017
1712
1020
317
203
1369
833
523
1794
385
1231
959
936
1816
1162
1749
2277
1001
1721
1556
575
1250
2232
788
2489
1329
1131
471
2292
603
1960
1666
2168
1028
624
1399
971
755
36
104
1075
2231
968
1534
1101
2325
2440
599
389
2398
2298
167
1852
687
705
919
2192
316
889
581
1496
702
71
1541
1943
1563
2240
1398
2101
410
1323
1064
2064
94
1072
2112
590
1294
1900
525
516
2453
1089
1502
623
183
749
15
2241
271
767
1830
177
1344
595
2319
1845
2368
806
1599
616
1190
1415
1988
384
885
1403
326
855
2335
383
479
1925
113
1400
1683
906
1716
224
1967
789
1043
1904
1753
369
1332
2438
139
1262
939
1941
2110
633
865
2430
398
190
871
1936
2456
1778
2183
1360
2288
1106
169
187
1735
79
547
746
1431
1591
1688
774
2261
2401
2008
1088
2304
2194
141
2153
518
867
1835
2316
483
2152
2350
1886
807
1486
2118
313
2327
16
2351
1022
1915
2433
1687
2224
866
362
396
1810
2315
1290
1291
2486
879
35
2274
332
804
637
1494
1156
1355
348
1473
2123
870
433
1864
1121
1818
2384
829
1861
1032
2108
2449
1589
1117
2202
1209
2447
1646
402
812
253
1879
1776
698
1430
232
2074
917
438
1672
30
574
2166
439
1436
2317
1261
1788
1804
288
1077
2331
1873
648
2218
55
437
782
2448
337
839
970
2337
1891
1997
1301
293
941
750
130
1715
1639
1443
1193
1054
2234
213
367
1549
1626
1292
2150
2080
1565
2022
1856
1314
1249
1085
1495
342
2500
2501
2502
2503
2504
2505
2506
2507
2508
2509
2510
2511
2512
2513
2514
2515
2516
2517
2518
2519
2520
2521
2522
2523
2524
2525
2526
2527
2528
2529
2530
2531
2532
2533
2534
2535
2536
2537
2538
2539
2540
2541
2542
2543
2544
2545
2546
2547
2548
2549
2550
2551
2552
2553
2554
2555
2556
2557
2558
2559
2560
2561
2562
2563
2564
2565
2566
2567
2568
2569
2570
2571
2572
2573
2574
2575
2576
2577
2578
2579
2580
2581
2582
2583
2584
2585
2586
2587
2588
2589
2590
2591
2592
2593
2594
2595
2596
2597
2598
2599
2600
2601
2602
2603
2604
2605
2606
2607
2608
2609
2610
2611
2612
2613
2614
2615
2616
2617
2618
2619
2620
2621
2622
2623
2624
2625
2626
2627
2628
2629
2630
2631
2632
2633
2634
2635
2636
2637
2638
2639
2640
2641
2642
2643
2644
2645
2646
2647
2648
2649
2650
2651
2652
2653
2654
2655
2656
2657
2658
2659
2660
2661
2662
2663
2664
2665
2666
2667
2668
2669
2670
2671
2672
2673
2674
2675
2676
2677
2678
2679
2680
2681
2682
2683
2684
2685
2686
2687
2688
2689
2690
2691
2692
2693
2694
2695
2696
2697
2698
2699
2700
2701
2702
2703
2704
2705
2706
2707
2708
2709
2710
2711
2712
2713
2714
2715
2716
2717
2718
2719
2720
2721
2722
2723
2724
2725
2726
2727
2728
2729
2730
2731
2732
2733
2734
2735
2736
2737
2738
2739
2740
2741
2742
2743
2744
2745
2746
2747
2748
2749
2750
2751
2752
2753
2754
2755
2756
2757
2758
2759
2760
2761
2762
2763
2764
2765
2766
2767
2768
2769
2770
2771
2772
2773
2774
2775
2776
2777
2778
2779
2780
2781
2782
2783
2784
2785
2786
2787
2788
2789
2790
2791
2792
2793
2794
2795
2796
2797
2798
2799
2800
2801
2802
2803
2804
2805
2806
2807
2808
2809
2810
2811
2812
2813
2814
2815
2816
2817
2818
2819
2820
2821
2822
2823
2824
2825
2826
2827
2828
2829
2830
2831
2832
2833
2834
2835
2836
2837
2838
2839
2840
2841
2842
2843
2844
2845
2846
2847
2848
2849
2850
2851
2852
2853
2854
2855
2856
2857
2858
2859
2860
2861
2862
2863
2864
2865
2866
2867
2868
2869
2870
2871
2872
2873
2874
2875
2876
2877
2878
2879
2880
2881
2882
2883
2884
2885
2886
2887
2888
2889
2890
2891
2892
2893
2894
2895
2896
2897
2898
2899
2900
2901
2902
2903
2904
2905
2906
2907
2908
2909
2910
2911
2912
2913
2914
2915
2916
2917
2918
2919
2920
2921
2922
2923
2924
2925
2926
2927
2928
2929
2930
2931
2932
2933
2934
2935
2936
2937
2938
2939
2940
2941
2942
2943
2944
2945
2946
2947
2948
2949
2950
2951
2952
2953
2954
2955
2956
2957
2958
2959
2960
2961
2962
2963
2964
2965
2966
2967
2968
2969
2970
2971
2972
2973
2974
2975
2976
2977
2978
2979
2980
2981
2982
2983
2984
2985
2986
2987
2988
2989
2990
2991
2992
2993
2994
2995
2996
2997
2998
2999
3000
3001
3002
3003
3004
3005
3006
3007
3008
3009
3010
3011
3012
3013
3014
3015
3016
3017
3018
3019
3020
3021
3022
3023
3024
3025
3026
3027
3028
3029
3030
3031
3032
3033
3034
3035
3036
3037
3038
3039
3040
3041
3042
3043
3044
3045
3046
3047
3048
3049
3050
3051
3052
3053
3054
3055
3056
3057
3058
3059
3060
3061
3062
3063
3064
3065
3066
3067
3068
3069
3070
3071
3072
3073
3074
3075
3076
3077
3078
3079
3080
3081
3082
3083
3084
3085
3086
3087
3088
3089
3090
3091
3092
3093
3094
3095
3096
3097
3098
3099
3100
3101
3102
3103
3104
3105
3106
3107
3108
3109
3110
3111
3112
3113
3114
3115
3116
3117
3118
3119
3120
3121
3122
3123
3124
3125
3126
3127
3128
3129
3130
3131
3132
3133
3134
3135
3136
3137
3138
3139
3140
3141
3142
3143
3144
3145
3146
3147
3148
3149
3150
3151
3152
3153
3154
3155
3156
3157
3158
3159
3160
3161
3162
3163
3164
3165
3166
3167
3168
3169
3170
3171
3172
3173
3174
3175
3176
3177
3178
3179
3180
3181
3182
3183
3184
3185
3186
3187
3188
3189
3190
3191
3192
3193
3194
3195
3196
3197
3198
3199
3200
3201
3202
3203
3204
3205
3206
3207
3208
3209
3210
3211
3212
3213
3214
3215
3216
3217
3218
3219
3220
3221
3222
3223
3224
3225
3226
3227
3228
3229
3230
3231
3232
3233
3234
3235
3236
3237
3238
3239
3240
3241
3242
3243
3244
3245
3246
3247
3248
3249
3250
3251
3252
3253
3254
3255
3256
3257
3258
3259
3260
3261
3262
3263
3264
3265
3266
3267
3268
3269
3270
3271
3272
3273
3274
3275
3276
3277
3278
3279
3280
3281
3282
3283
3284
3285
3286
3287
3288
3289
3290
3291
3292
3293
3294
3295
3296
3297
3298
3299
3300
3301
3302
3303
3304
3305
3306
3307
3308
3309
3310
3311
3312
3313
3314
3315
3316
3317
3318
3319
3320
3321
3322
3323
3324
3325
3326
3327
3328
3329
3330
3331
3332
3333
3334
3335
3336
3337
3338
3339
3340
3341
3342
3343
3344
3345
3346
3347
3348
3349
3350
3351
3352
3353
3354
3355
3356
3357
3358
3359
3360
3361
3362
3363
3364
3365
3366
3367
3368
3369
3370
3371
3372
3373
3374
3375
3376
3377
3378
3379
3380
3381
3382
3383
3384
3385
3386
3387
3388
3389
3390
3391
3392
3393
3394
3395
3396
3397
3398
3399
3400
3401
3402
3403
3404
3405
3406
3407
3408
3409
3410
3411
3412
3413
3414
3415
3416
3417
3418
3419
3420
3421
3422
3423
3424
3425
3426
3427
3428
3429
3430
3431
3432
3433
3434
3435
3436
3437
3438
3439
3440
3441
3442
3443
3444
3445
3446
3447
3448
3449
3450
3451
3452
3453
3454
3455
3456
3457
3458
3459
3460
3461
3462
3463
3464
3465
3466
3467
3468
3469
3470
3471
3472
3473
3474
3475
3476
3477
3478
3479
3480
3481
3482
3483
3484
3485
3486
3487
3488
3489
3490
3491
3492
3493
3494
3495
3496
3497
3498
3499
3500
3501
3502
3503
3504
3505
3506
3507
3508
3509
3510
3511
3512
3513
3514
3515
3516
3517
3518
3519
3520
3521
3522
3523
3524
3525
3526
3527
3528
3529
3530
3531
3532
3533
3534
3535
3536
3537
3538
3539
3540
3541
3542
3543
3544
3545
3546
3547
3548
3549
3550
3551
3552
3553
3554
3555
3556
3557
3558
3559
3560
3561
3562
3563
3564
3565
3566
3567
3568
3569
3570
3571
3572
3573
3574
3575
3576
3577
3578
3579
3580
3581
3582
3583
3584
3585
3586
3587
3588
3589
3590
3591
3592
3593
3594
3595
3596
3597
3598
3599
3600
3601
3602
3603
3604
3605
3606
3607
3608
3609
3610
3611
3612
3613
3614
3615
3616
3617
3618
3619
3620
3621
3622
3623
3624
3625
3626
3627
3628
3629
3630
3631
3632
3633
3634
3635
3636
3637
3638
3639
3640
3641
3642
3643
3644
3645
3646
3647
3648
3649
3650
3651
3652
3653
3654
3655
3656
3657
3658
3659
3660
3661
3662
3663
3664
3665
3666
3667
3668
3669
3670
3671
3672
3673
3674
3675
3676
3677
3678
3679
3680
3681
3682
3683
3684
3685
3686
3687
3688
3689
3690
3691
3692
3693
3694
3695
3696
3697
3698
3699
3700
3701
3702
3703
3704
3705
3706
3707
3708
3709
3710
3711
3712
3713
3714
3715
3716
3717
3718
3719
3720
3721
3722
3723
3724
3725
3726
3727
3728
3729
3730
3731
3732
3733
3734
3735
3736
3737
3738
3739
3740
3741
3742
3743
3744
3745
3746
3747
3748
3749
3750
3751
3752
3753
3754
3755
3756
3757
3758
3759
3760
3761
3762
3763
3764
3765
3766
3767
3768
3769
3770
3771
3772
3773
3774
3775
3776
3777
3778
3779
3780
3781
3782
3783
3784
3785
3786
3787
3788
3789
3790
3791
3792
3793
3794
3795
3796
3797
3798
3799
3800
3801
3802
3803
3804
3805
3806
3807
3808
3809
3810
3811
3812
3813
3814
3815
3816
3817
3818
3819
3820
3821
3822
3823
3824
3825
3826
3827
3828
3829
3830
3831
3832
3833
3834
3835
3836
3837
3838
3839
3840
3841
3842
3843
3844
3845
3846
3847
3848
3849
3850
3851
3852
3853
3854
3855
3856
3857
3858
3859
3860
3861
3862
3863
3864
3865
3866
3867
3868
3869
3870
3871
3872
3873
3874
3875
3876
3877
3878
3879
3880
3881
3882
3883
3884
3885
3886
3887
3888
3889
3890
3891
3892
3893
3894
3895
3896
3897
3898
3899
3900
3901
3902
3903
3904
3905
3906
3907
3908
3909
3910
3911
3912
3913
3914
3915
3916
3917
3918
3919
3920
3921
3922
3923
3924
3925
3926
3927
3928
3929
3930
3931
3932
3933
3934
3935
3936
3937
3938
3939
3940
3941
3942
3943
3944
3945
3946
3947
3948
3949
3950
3951
3952
3953
3954
3955
3956
3957
3958
3959
3960
3961
3962
3963
3964
3965
3966
3967
3968
3969
3970
3971
3972
3973
3974
3975
3976
3977
3978
3979
3980
3981
3982
3983
3984
3985
3986
3987
3988
3989
3990
3991
3992
3993
3994
3995
3996
3997
3998
3999
4000
4001
4002
4003
4004
4005
4006
4007
4008
4009
4010
4011
4012
4013
4014
4015
4016
4017
4018
4019
4020
4021
4022
4023
4024
4025
4026
4027
4028
4029
4030
4031
4032
4033
4034
4035
4036
4037
4038
4039
4040
4041
4042
4043
4044
4045
4046
4047
4048
4049
4050
4051
4052
4053
4054
4055
4056
4057
4058
4059
4060
4061
4062
4063
4064
4065
4066
4067
4068
4069
4070
4071
4072
4073
4074
4075
4076
4077
4078
4079
4080
4081
4082
4083
4084
4085
4086
4087
4088
4089
4090
4091
4092
4093
4094
4095
4096
4097
4098
4099
4100
4101
4102
4103
4104
4105
4106
4107
4108
4109
4110
4111
4112
4113
4114
4115
4116
4117
4118
4119
4120
4121
4122
4123
4124
4125
4126
4127
4128
4129
4130
4131
4132
4133
4134
4135
4136
4137
4138
4139
4140
4141
4142
4143
4144
4145
4146
4147
4148
4149
4150
4151
4152
4153
4154
4155
4156
4157
4158
4159
4160
4161
4162
4163
4164
4165
4166
4167
4168
4169
4170
4171
4172
4173
4174
4175
4176
4177
4178
4179
4180
4181
4182
4183
4184
4185
4186
4187
4188
4189
4190
4191
4192
4193
4194
4195
4196
4197
4198
4199
4200
4201
4202
4203
4204
4205
4206
4207
4208
4209
4210
4211
4212
4213
4214
4215
4216
4217
4218
4219
4220
4221
4222
4223
4224
4225
4226
4227
4228
4229
4230
4231
4232
4233
4234
4235
4236
4237
4238
4239
4240
4241
4242
4243
4244
4245
4246
4247
4248
4249
4250
4251
4252
4253
4254
4255
4256
4257
4258
4259
4260
4261
4262
4263
4264
4265
4266
4267
4268
4269
4270
4271
4272
4273
4274
4275
4276
4277
4278
4279
4280
4281
4282
4283
4284
4285
4286
4287
4288
4289
4290
4291
4292
4293
4294
4295
4296
4297
4298
4299
4300
4301
4302
4303
4304
4305
4306
4307
4308
4309
4310
4311
4312
4313
4314
4315
4316
4317
4318
4319
4320
4321
4322
4323
4324
4325
4326
4327
4328
4329
4330
4331
4332
4333
4334
4335
4336
4337
4338
4339
4340
4341
4342
4343
4344
4345
4346
4347
4348
4349
4350
4351
4352
4353
4354
4355
4356
4357
4358
4359
4360
4361
4362
4363
4364
4365
4366
4367
4368
4369
4370
4371
4372
4373
4374
4375
4376
4377
4378
4379
4380
4381
4382
4383
4384
4385
4386
4387
4388
4389
4390
4391
4392
4393
4394
4395
4396
4397
4398
4399
4400
4401
4402
4403
4404
4405
4406
4407
4408
4409
4410
4411
4412
4413
4414
4415
4416
4417
4418
4419
4420
4421
4422
4423
4424
4425
4426
4427
4428
4429
4430
4431
4432
4433
4434
4435
4436
4437
4438
4439
4440
4441
4442
4443
4444
4445
4446
4447
4448
4449
4450
4451
4452
4453
4454
4455
4456
4457
4458
4459
4460
4461
4462
4463
4464
4465
4466
4467
4468
4469
4470
4471
4472
4473
4474
4475
4476
4477
4478
4479
4480
4481
4482
4483
4484
4485
4486
4487
4488
4489
4490
4491
4492
4493
4494
4495
4496
4497
4498
4499
4500
4501
4502
4503
4504
4505
4506
4507
4508
4509
4510
4511
4512
4513
4514
4515
4516
4517
4518
4519
4520
4521
4522
4523
4524
4525
4526
4527
4528
4529
4530
4531
4532
4533
4534
4535
4536
4537
4538
4539
4540
4541
4542
4543
4544
4545
4546
4547
4548
4549
4550
4551
4552
4553
4554
4555
4556
4557
4558
4559
4560
4561
4562
4563
4564
4565
4566
4567
4568
4569
4570
4571
4572
4573
4574
4575
4576
4577
4578
4579
4580
4581
4582
4583
4584
4585
4586
4587
4588
4589
4590
4591
4592
4593
4594
4595
4596
4597
4598
4599
4600
4601
4602
4603
4604
4605
4606
4607
4608
4609
4610
4611
4612
4613
4614
4615
4616
4617
4618
4619
4620
4621
4622
4623
4624
4625
4626
4627
4628
4629
4630
4631
4632
4633
4634
4635
4636
4637
4638
4639
4640
4641
4642
4643
4644
4645
4646
4647
4648
4649
4650
4651
4652
4653
4654
4655
4656
4657
4658
4659
4660
4661
4662
4663
4664
4665
4666
4667
4668
4669
4670
4671
4672
4673
4674
4675
4676
4677
4678
4679
4680
4681
4682
4683
4684
4685
4686
4687
4688
4689
4690
4691
4692
4693
4694
4695
4696
4697
4698
4699
4700
4701
4702
4703
4704
4705
4706
4707
4708
4709
4710
4711
4712
4713
4714
4715
4716
4717
4718
4719
4720
4721
4722
4723
4724
4725
4726
4727
4728
4729
4730
4731
4732
4733
4734
4735
4736
4737
4738
4739
4740
4741
4742
4743
4744
4745
4746
4747
4748
4749
4750
4751
4752
4753
4754
4755
4756
4757
4758
4759
4760
4761
4762
4763
4764
4765
4766
4767
4768
4769
4770
4771
4772
4773
4774
4775
4776
4777
4778
4779
4780
4781
4782
4783
4784
4785
4786
4787
4788
4789
4790
4791
4792
4793
4794
4795
4796
4797
4798
4799
4800
4801
4802
4803
4804
4805
4806
4807
4808
4809
4810
4811
4812
4813
4814
4815
4816
4817
4818
4819
4820
4821
4822
4823
4824
4825
4826
4827
4828
4829
4830
4831
4832
4833
4834
4835
4836
4837
4838
4839
4840
4841
4842
4843
4844
4845
4846
4847
4848
4849
4850
4851
4852
4853
4854
4855
4856
4857
4858
4859
4860
4861
4862
4863
4864
4865
4866
4867
4868
4869
4870
4871
4872
4873
4874
4875
4876
4877
4878
4879
4880
4881
4882
4883
4884
4885
4886
4887
4888
4889
4890
4891
4892
4893
4894
4895
4896
4897
4898
4899
4900
4901
4902
4903
4904
4905
4906
4907
4908
4909
4910
4911
4912
4913
4914
4915
4916
4917
4918
4919
4920
4921
4922
4923
4924
4925
4926
4927
4928
4929
4930
4931
4932
4933
4934
4935
4936
4937
4938
4939
4940
4941
4942
4943
4944
4945
4946
4947
4948
4949
4950
4951
4952
4953
4954
4955
4956
4957
4958
4959
4960
4961
4962
4963
4964
4965
4966
4967
4968
4969
4970
4971
4972
4973
4974
4975
4976
4977
4978
4979
4980
4981
4982
4983
4984
4985
4986
4987
4988
4989
4990
4991
4992
4993
4994
4995
4996
4997
4998
4999
